MILLIS	162890
AUTHOR	piosenka ludowa
TITLE	Sz³a dzieweczka do laseczka
CREATOR	Walter Koza, Henryk Sêdzicki
18504	555	0	Sz³a 
19064	278	0	dzie
19344	556	0	we
19905	278	0	czka 
20186	555	0	do 
20746	278	0	la
21027	555	0	se
21587	278	0	czka, 
21868	556	0	Do 
22429	278	0	zie
22709	555	0	lo
23269	278	0	ne
23550	300	0	go, 
25233	555	0	Do 
25793	278	0	zie
26073	555	0	lo
26633	278	0	ne
26914	300	0	go, 
28597	555	0	do 
29157	278	0	zie
29437	556	0	lo
29998	278	0	ne
30279	300	0	go. 
31961	556	0	/Na
32522	278	0	pot
32802	555	0	ka
33362	278	0	³a 
33643	555	0	myœ
34203	278	0	li
34484	556	0	we
35045	278	0	czka 
35326	555	0	Bar
35886	278	0	dzo 
36166	555	0	szwar
36726	278	0	ne
37007	300	0	go, 
38690	555	0	Bar
39250	278	0	dzo 
39530	556	0	szwar
40091	278	0	ne
40372	1666	0	go, 
42054	556	0	bar
42615	278	0	dzo 
42895	555	0	szwar
43455	278	0	ne
43736	300	0	go. 
45419	277	0	/Gdzie 
45698	278	0	jest 
45979	278	0	ta 
46259	278	0	u
46540	277	0	li
46819	278	0	ca, 
47100	278	0	gdzie 
47381	417	0	jest 
47801	139	0	ten 
47942	833	0	dom, 
48783	278	0	Gdzie 
49063	277	0	jest 
49343	278	0	ta 
49623	278	0	dziew
49904	278	0	czy
50184	278	0	na, 
50465	277	0	co 
50745	417	0	ko
51165	139	0	cham 
51306	300	0	j¹. 
52147	278	0	/Zna
52427	278	0	la
52708	278	0	z³em 
52988	277	0	u
53268	278	0	li
53548	278	0	ce, 
53829	278	0	zna
54110	416	0	la
54529	139	0	z³em 
54670	834	0	dom, 
55512	277	0	Zna
55791	278	0	la
56072	278	0	z³em 
56352	278	0	dziew
56633	277	0	czy
56912	278	0	nê, 
57193	278	0	co 
57474	278	0	ko
57754	278	0	cham 
58035	300	0	j¹. 
62240	556	0	/Myœ
62801	278	0	li
63081	555	0	wecz
63641	278	0	ku, 
63922	555	0	ko
64482	278	0	cha
64763	556	0	ne
65324	278	0	czku, 
65605	555	0	Bar
66165	278	0	dzom 
66445	555	0	ci 
67005	278	0	ra
67286	300	0	da, 
68969	555	0	Bar
69529	278	0	dzom 
69809	556	0	ci 
70370	278	0	ra
70651	1666	0	da, 
72333	556	0	bar
72894	278	0	dzom 
73174	555	0	ci 
73734	278	0	ra
74015	300	0	da. 
75698	555	0	/Da
76258	278	0	³a
76538	555	0	bym 
77098	278	0	ci 
77379	556	0	chle
77940	278	0	ba 
78221	555	0	z 
78781	278	0	s³em, 
79062	555	0	A
79622	278	0	lem 
79902	556	0	go 
80463	278	0	zja
80744	1666	0	d³a, 
82426	556	0	A
82987	278	0	lem 
83267	555	0	go 
83827	278	0	zja
84108	300	0	d³a, 
85791	555	0	a
86351	278	0	lem 
86631	555	0	go 
87191	278	0	zja
87472	300	0	d³a. 
89155	278	0	/Gdzie 
89435	277	0	jest 
89715	278	0	ta 
89995	278	0	u
90276	278	0	li
90556	278	0	ca, 
90837	277	0	gdzie 
91117	417	0	jest 
91538	139	0	ten 
91678	833	0	dom, 
92519	278	0	Gdzie 
92799	278	0	jest 
93080	278	0	ta 
93360	277	0	dziew
93640	278	0	czy
93920	278	0	na, 
94201	278	0	co 
94482	416	0	ko
94901	139	0	cham 
95042	300	0	j¹. 
95884	277	0	/Zna
96163	278	0	la
96444	278	0	z³em 
96724	278	0	u
97005	277	0	li
97284	278	0	ce, 
97565	278	0	zna
97846	417	0	la
98267	139	0	z³em 
98407	833	0	dom, 
99248	278	0	Zna
99528	277	0	la
99808	278	0	z³em 
100088	278	0	dziew
100369	278	0	czy
100649	278	0	nê, 
100930	277	0	co 
101210	278	0	ko
101490	278	0	cham 
101771	300	0	j¹. 
105977	555	1	/Jak
106537	278	1	¿eœ 
106817	555	1	zja
107377	278	1	d³a, 
107658	556	1	to 
108219	278	1	¿eœ 
108500	555	1	zja
109060	278	1	d³a, 
109341	555	1	To 
109901	278	1	mi 
110181	556	1	siê 
110742	278	1	nie 
111023	1666	1	chwal, 
112705	556	1	To 
113266	278	1	mi 
113546	555	1	siê 
114106	278	1	nie 
114387	300	1	chwal, 
116070	555	1	to 
116630	278	1	mi 
116910	555	1	siê 
117470	278	1	nie 
117751	300	1	chwal. 
119434	555	1	/Bo 
119994	278	1	jak
120274	556	1	bym 
120835	278	1	ciê 
121116	555	1	w 
121676	278	1	sie 
121957	555	1	spo
122517	278	1	tka³, 
122798	556	1	To 
123359	278	1	bym 
123639	555	1	ciê 
124199	278	1	ze
124480	300	1	pra³, 
126163	555	1	To 
126723	278	1	bym 
127003	555	1	ciê 
127563	278	1	ze
127844	300	1	pra³, 
129527	555	1	to 
130087	278	1	bym 
130367	556	1	ciê 
130928	278	1	ze
131209	300	1	pra³. 
132891	278	0	/Gdzie 
133171	278	0	jest 
133452	278	0	ta 
133732	277	0	u
134012	278	0	li
134292	278	0	ca, 
134573	278	0	gdzie 
134854	416	0	jest 
135274	139	0	ten 
135414	834	0	dom, 
136256	277	0	Gdzie 
136535	278	0	jest 
136816	278	0	ta 
137096	278	0	dziew
137377	277	0	czy
137656	278	0	na, 
137937	278	0	co 
138218	417	0	ko
138639	139	0	cham 
138779	300	0	j¹. 
139620	278	0	/Zna
139900	277	0	la
140180	278	0	z³em 
140460	278	0	u
140741	278	0	li
141021	278	0	ce, 
141302	277	0	zna
141582	417	0	la
142003	139	0	z³em 
142143	833	0	dom, 
142984	278	0	Zna
143264	278	0	la
143545	278	0	z³em 
143825	277	0	dziew
144105	278	0	czy
144385	278	0	nê, 
144666	278	0	co 
144947	277	0	ko
145226	300	0	cham 
145507	300	0	j¹.