MILLIS	161389
AUTHOR	Pieœñ ludowa
TITLE	Sz³a dziwewczka do laseczka
CREATOR	Micha³ Kud³a
VERSION	0.1
18333	555	0	Sz³a 
18888	278	0	dzie
19166	556	0	we
19722	278	0	czka 
20000	555	0	do 
20555	278	0	la
20833	555	0	se
21388	278	0	czka, 
21666	556	0	Do 
22222	278	0	zie
22500	555	0	lo
23055	278	0	ne
23333	1667	0	go, 
25000	555	0	Do 
25555	278	0	zie
25833	555	0	lo
26388	278	0	ne
26666	1667	0	go, 
28333	555	0	do 
28888	278	0	zie
29166	556	0	lo
29722	278	0	ne
30000	1666	0	go.
31666	556	0	/Na
32222	278	0	pot
32500	555	0	ka
33055	278	0	³a 
33333	555	0	myœ
33888	278	0	li
34166	556	0	we
34722	278	0	czka 
35000	555	0	Bar
35555	278	0	dzo 
35833	555	0	szwar
36388	278	0	ne
36666	1667	0	go, 
38333	555	0	Bar
38888	278	0	dzo 
39166	556	0	szwar
39722	278	0	ne
40000	1666	0	go, 
41666	556	0	bar
42222	278	0	dzo 
42500	555	0	szwar
43055	278	0	ne
43333	1667	0	go. 
45000	277	0	Gdzie 
45277	278	0	jest 
45555	278	0	ta 
45833	278	0	u
46111	277	0	li
46388	278	0	ca, 
46666	278	0	gdzie 
46944	417	0	jest 
47361	139	0	ten 
47500	833	0	dom, 
48333	278	0	Gdzie 
48611	277	0	jest 
48888	278	0	ta 
49166	278	0	dziew
49444	278	0	czy
49722	278	0	na, 
50000	277	0	co 
50277	417	0	ko
50694	139	0	cham 
50833	833	0	j¹. 
51666	278	0	Zna
51944	278	0	la
52222	278	0	z³em 
52500	277	0	u
52777	278	0	li
53055	278	0	ce, 
53333	278	0	zna
53611	416	0	la
54027	139	0	z³em 
54166	834	0	dom, 
55000	277	0	Zna
55277	278	0	la
55555	278	0	z³em 
55833	278	0	dziew
56111	277	0	czy
56388	278	0	nê, 
56666	278	0	co 
56944	278	0	ko
57222	278	0	cham 
57500	4166	0	j¹. 
61666	556	0	/Myœ
62222	278	0	li
62500	555	0	wecz
63055	278	0	ku, 
63333	555	0	ko
63888	278	0	cha
64166	556	0	ne
64722	278	0	czku, 
65000	555	0	Bar
65555	278	0	dzom 
65833	555	0	ci 
66388	278	0	ra
66666	1667	0	da, 
68333	555	0	Bar
68888	278	0	dzom 
69166	556	0	ci 
69722	278	0	ra
70000	1666	0	da, 
71666	556	0	bar
72222	278	0	dzom 
72500	555	0	ci 
73055	278	0	ra
73333	1667	0	da. 
75000	555	0	/Da
75555	278	0	³a
75833	555	0	bym 
76388	278	0	ci 
76666	556	0	chle
77222	278	0	ba 
77500	555	0	z 
78055	278	0	s³em, 
78333	555	0	A
78888	278	0	lem 
79166	556	0	go 
79722	278	0	zja
80000	1666	0	d³a, 
81666	556	0	A
82222	278	0	lem 
82500	555	0	go 
83055	278	0	zja
83333	1667	0	d³a, 
85000	555	0	a
85555	278	0	lem 
85833	555	0	go 
86388	278	0	zja
86666	1667	0	d³a. 
88333	278	0	/Gdzie 
88611	277	0	jest 
88888	278	0	ta 
89166	278	0	u
89444	278	0	li
89722	278	0	ca, 
90000	277	0	gdzie 
90277	417	0	jest 
90694	139	0	ten 
90833	833	0	dom, 
91666	278	0	Gdzie 
91944	278	0	jest 
92222	278	0	ta 
92500	277	0	dziew
92777	278	0	czy
93055	278	0	na, 
93333	278	0	co 
93611	416	0	ko
94027	139	0	cham 
94166	834	0	j¹. 
95000	277	0	/Zna
95277	278	0	la
95555	278	0	z³em 
95833	278	0	u
96111	277	0	li
96388	278	0	ce, 
96666	278	0	zna
96944	417	0	la
97361	139	0	z³em 
97500	833	0	dom, 
98333	278	0	Zna
98611	277	0	la
98888	278	0	z³em 
99166	278	0	dziew
99444	278	0	czy
99722	278	0	nê, 
100000	277	0	co 
100277	278	0	ko
100555	278	0	cham 
100833	4167	0	j¹. 
105000	555	0	/Jak
105555	278	0	¿eœ 
105833	555	0	zja
106388	278	0	d³a, 
106666	556	0	to 
107222	278	0	¿eœ 
107500	555	0	zja
108055	278	0	d³a, 
108333	555	0	To 
108888	278	0	mi 
109166	556	0	siê 
109722	278	0	nie 
110000	1666	0	chwal, 
111666	556	0	To 
112222	278	0	mi 
112500	555	0	siê 
113055	278	0	nie 
113333	1667	0	chwal, 
115000	555	0	to 
115555	278	0	mi 
115833	555	0	siê 
116388	278	0	nie 
116666	1667	0	chwal. 
118333	555	0	/Bo 
118888	278	0	jak
119166	556	0	bym 
119722	278	0	ciê 
120000	555	0	w 
120555	278	0	sie 
120833	555	0	spo
121388	278	0	tka³, 
121666	556	0	To 
122222	278	0	bym 
122500	555	0	ciê 
123055	278	0	ze
123333	1667	0	pra³, 
125000	555	0	To 
125555	278	0	bym 
125833	555	0	ciê 
126388	278	0	ze
126666	1667	0	pra³, 
128333	555	0	to 
128888	278	0	bym 
129166	556	0	ciê 
129722	278	0	ze
130000	1666	0	pra³. 
131666	278	0	/Gdzie 
131944	278	0	jest 
132222	278	0	ta 
132500	277	0	u
132777	278	0	li
133055	278	0	ca, 
133333	278	0	gdzie 
133611	416	0	jest 
134027	139	0	ten 
134166	834	0	dom, 
135000	277	0	Gdzie 
135277	278	0	jest 
135555	278	0	ta 
135833	278	0	dziew
136111	277	0	czy
136388	278	0	na, 
136666	278	0	co 
136944	417	0	ko
137361	139	0	cham 
137500	833	0	j¹. 
138333	278	0	/Zna
138611	277	0	la
138888	278	0	z³em 
139166	278	0	u
139444	278	0	li
139722	278	0	ce, 
140000	277	0	zna
140277	417	0	la
140694	139	0	z³em 
140833	833	0	dom, 
141666	278	0	Zna
141944	278	0	la
142222	278	0	z³em 
142500	277	0	dziew
142777	278	0	czy
143055	278	0	nê, 
143333	278	0	co 
143611	277	0	ko
143888	17501	0	cham 
144166	17223	0	j¹.