MILLIS	248500
AUTHOR	ks. Stanis³awem Szmidt
TITLE	Barka
CREATOR	MIDI-NET
VERSION	0.1
8500	2371	0	Pan 
10971	253	0	kie
11324	253	0	dyœ 
11677	253	0	sta
12030	253	0	n¹³ 
12383	253	0	nad 
12736	958	0	brze
13794	2018	0	giem, 
15912	606	0	Szu
16618	253	0	ka³ 
16971	959	0	lu
18030	1664	0	dzi 
19794	253	0	go
20147	253	0	to
20500	253	0	wych 
20853	253	0	pójœæ 
21206	959	0	za 
22265	1665	0	Nim 
24030	253	0	By 
24383	606	0	³o
25089	252	0	wiæ 
25441	959	0	se
26500	1665	0	rca 
28265	253	0	S³ów 
28618	606	0	Bo
29324	253	0	¿ych 
29677	959	0	pra
30736	300	0	wd¹. 
32853	959	0	/O 
33912	959	0	Pa
34971	1312	0	nie, 
36383	253	0	to 
36736	252	0	Ty 
37088	253	0	na 
37441	253	0	mnie 
37794	253	0	spoj
38147	959	0	rza
39206	2018	0	³eœ, 
41324	606	0	Two
42030	253	0	je 
42383	958	0	u
43441	1312	0	sta 
44853	253	0	dziœ 
45206	253	0	wy
45559	253	0	rzek
45912	253	0	³y 
46265	253	0	me 
46618	959	0	i
47677	2017	0	miê. 
49794	606	0	Swo
50500	253	0	j¹ 
50853	959	0	ba
51912	1312	0	rkê 
53324	253	0	po
53677	253	0	zo
54030	253	0	sta
54383	252	0	wiam 
54735	253	0	na 
55088	959	0	brze
56147	2018	0	gu, 
58265	606	0	Ra
58971	253	0	zem 
59324	959	0	z To
60383	1311	0	b¹ 
61794	253	0	no
62147	253	0	wy 
62500	253	0	za
62853	253	0	cznê 
63206	253	0	dziœ 
63559	300	0	³ów. 
67794	959	0	/Je
68853	1665	0	stem 
70618	253	0	u
70971	253	0	bo
71324	253	0	gim 
71677	253	0	cz³o
72030	958	0	wie
73088	2018	0	kiem, 
75206	606	0	Mo
75912	253	0	im 
76265	959	0	ska
77324	1664	0	rbem 
79088	253	0	s¹ 
79441	253	0	rê
79794	253	0	ce 
80147	253	0	go
80500	959	0	to
81559	1665	0	we 
83324	253	0	Do 
83677	605	0	pra
84382	253	0	cy 
84735	959	0	z To
85794	1665	0	b¹ 
87559	253	0	I 
87912	606	0	czy
88618	253	0	ste 
88971	958	0	se
90029	300	0	rce. 
92147	959	0	/O 
93206	959	0	Pa
94265	1312	0	nie, 
95677	252	0	to 
96029	253	0	Ty 
96382	253	0	na 
96735	253	0	mnie 
97088	253	0	spoj
97441	959	0	rza
98500	2018	0	³eœ, 
100618	606	0	Two
101324	252	0	je 
101676	959	0	u
102735	1312	0	sta 
104147	253	0	dziœ 
104500	253	0	wy
104853	253	0	rzek
105206	253	0	³y 
105559	253	0	me 
105912	959	0	i
106971	2017	0	miê. 
109088	606	0	Swo
109794	253	0	j¹ 
110147	959	0	ba
111206	1312	0	rkê 
112618	253	0	po
112971	253	0	zo
113324	252	0	sta
113676	253	0	wiam 
114029	253	0	na 
114382	959	0	brze
115441	2018	0	gu, 
117559	606	0	Ra
118265	253	0	zem 
118618	958	0	z To
119676	1312	0	b¹ 
121088	253	0	no
121441	253	0	wy 
121794	253	0	za
122147	253	0	cznê 
122500	253	0	dziœ 
122853	300	0	³ów. 
127088	2371	0	/Ty, 
129559	253	0	po
129912	253	0	trze
130265	253	0	bu
130618	252	0	jesz 
130970	253	0	mych 
131323	959	0	d³o
132382	2018	0	ni, 
134500	606	0	Me
135206	253	0	go 
135559	959	0	se
136618	1664	0	rca 
138382	253	0	m³o
138735	253	0	de
139088	253	0	go 
139441	253	0	za
139794	959	0	pa
140853	1665	0	³em 
142618	252	0	Mych 
142970	606	0	kro
143676	253	0	pli 
144029	959	0	po
145088	1665	0	tu 
146853	253	0	I 
147206	606	0	sa
147912	253	0	mo
148265	958	0	tno
149323	300	0	œci. 
151441	959	0	/O 
152500	959	0	Pa
153559	1311	0	nie, 
154970	253	0	to 
155323	253	0	Ty 
155676	253	0	na 
156029	253	0	mnie 
156382	253	0	spoj
156735	959	0	rza
157794	2018	0	³eœ, 
159912	605	0	Two
160617	253	0	je 
160970	959	0	u
162029	1312	0	sta 
163441	253	0	dziœ 
163794	253	0	wy
164147	253	0	rzek
164500	253	0	³y 
164853	253	0	me 
165206	958	0	i
166264	2018	0	miê. 
168382	606	0	Swo
169088	253	0	j¹ 
169441	959	0	ba
170500	1312	0	rkê 
171912	252	0	po
172264	253	0	zo
172617	253	0	sta
172970	253	0	wiam 
173323	253	0	na 
173676	959	0	brze
174735	2018	0	gu, 
176853	606	0	Ra
177559	253	0	zem 
177912	958	0	z To
178970	1312	0	b¹ 
180382	253	0	no
180735	253	0	wy 
181088	253	0	za
181441	253	0	cznê 
181794	253	0	dziœ 
182147	300	0	³ów 
186382	2371	0	/Dziœ 
188853	253	0	wy
189206	253	0	p³y
189559	252	0	nie
189911	253	0	my 
190264	253	0	ju¿ 
190617	959	0	ra
191676	2018	0	zem 
193794	606	0	£o
194500	253	0	wiæ 
194853	958	0	se
195911	1665	0	rca 
197676	253	0	na 
198029	253	0	mo
198382	253	0	rzach 
198735	253	0	dusz 
199088	959	0	lu
200147	1664	0	dzkich 
201911	253	0	Twej 
202264	606	0	pra
202970	253	0	wdy 
203323	959	0	sie
204382	1665	0	ci¹ 
206147	253	0	I 
206500	606	0	s³o
207206	252	0	wem 
207558	959	0	¿y
208617	300	0	cia. 
210735	959	0	/O 
211794	959	0	Pa
212853	1311	0	nie, 
214264	253	0	to 
214617	253	0	Ty 
214970	253	0	na 
215323	253	0	mnie 
215676	253	0	spoj
216029	959	0	rza
217088	2017	0	³eœ, 
219205	606	0	Two
219911	253	0	je 
220264	959	0	u
221323	1312	0	sta 
222735	253	0	dziœ 
223088	253	0	wy
223441	253	0	rzek
223794	253	0	³y 
224147	253	0	me 
224500	958	0	i
225558	2018	0	miê. 
227676	606	0	Swo
228382	253	0	j¹ 
228735	959	0	ba
229794	1311	0	rkê 
231205	253	0	po
231558	253	0	zo
231911	253	0	sta
232264	253	0	wiam 
232617	253	0	na 
232970	959	0	brze
234029	2018	0	gu, 
236147	605	0	Ra
236852	253	0	zem 
237205	959	0	z To
238264	1312	0	b¹ 
239676	253	0	no
240029	253	0	wy 
240382	253	0	za
240735	253	0	cznê 
241088	300	0	dziœ 
241488	300	0	³ów 
